0.0	1.0	-1.70	-2.48	0.76	-1.12	1986081600	Wayne
1.0	1.0	-1.84	-2.52	0.70	-1.00	1986081606	Wayne
2.0	1.0	-2.04	-2.54	0.70	-0.80	1986081612	Wayne
3.0	1.0	-2.22	-2.60	0.70	-0.80	1986081618	Wayne
4.0	1.0	-2.40	-2.62	0.70	-0.80	1986081700	Wayne
5.0	1.0	-2.48	-2.76	0.70	-0.80	1986081706	Wayne
6.0	1.0	-2.52	-2.90	0.70	-0.80	1986081712	Wayne
7.0	1.0	-2.54	-2.98	0.70	-0.80	1986081718	Wayne
8.0	1.0	-2.58	-2.94	0.70	-0.80	1986081800	Wayne
9.0	1.0	-2.62	-2.82	0.64	-0.80	1986081806	Wayne
10.0	1.0	-2.68	-2.74	0.60	-0.80	1986081812	Wayne
11.0	1.0	-2.78	-2.70	0.60	-0.80	1986081818	Wayne
12.0	1.0	-2.90	-2.58	0.50	-0.60	1986081900	Wayne
13.0	1.0	-3.02	-2.46	0.40	-0.40	1986081906	Wayne
14.0	1.0	-3.16	-2.36	0.30	-0.20	1986081912	Wayne
15.0	1.0	-3.26	-2.20	0.30	-0.20	1986081918	Wayne
16.0	1.0	-3.34	-2.10	0.30	-0.20	1986082000	Wayne
17.0	1.0	-3.26	-1.90	0.30	-0.20	1986082006	Wayne
18.0	1.0	-3.12	-1.76	0.20	0.00	1986082012	Wayne
19.0	1.0	-2.98	-1.66	0.20	0.00	1986082018	Wayne
20.0	1.0	-2.80	-1.54	0.20	0.00	1986082100	Wayne
21.0	1.0	-2.58	-1.46	0.10	0.00	1986082106	Wayne
22.0	1.0	-2.36	-1.38	0.10	0.00	1986082112	Wayne
23.0	1.0	-2.16	-1.28	0.10	0.00	1986082118	Wayne
24.0	1.0	-1.92	-1.20	0.10	-0.20	1986082200	Wayne
25.0	1.0	-1.60	-1.08	0.30	-0.40	1986082206	Wayne
26.0	1.0	-1.42	-1.00	0.40	-0.40	1986082212	Wayne
27.0	1.0	-1.16	-0.98	0.40	-0.40	1986082218	Wayne
28.0	1.0	-1.10	-1.08	0.50	-0.60	1986082300	Wayne
29.0	1.0	-1.00	-1.10	0.50	-0.60	1986082306	Wayne
30.0	1.0	-1.12	-1.14	0.50	-0.60	1986082312	Wayne
31.0	1.0	-1.22	-1.26	0.50	-0.60	1986082318	Wayne
32.0	1.0	-1.34	-1.36	0.50	-0.60	1986082400	Wayne
33.0	1.0	-1.50	-1.48	0.50	-0.60	1986082406	Wayne
34.0	1.0	-1.64	-1.54	0.50	-0.60	1986082412	Wayne
35.0	1.0	-1.86	-1.72	0.60	-0.80	1986082418	Wayne
36.0	1.0	-2.16	-1.76	0.64	-0.80	1986082500	Wayne
37.0	1.0	-2.40	-1.86	0.64	-0.80	1986082506	Wayne
38.0	1.0	-2.56	-2.00	0.64	-0.80	1986082512	Wayne
39.0	1.0	-2.76	-2.06	0.64	-0.80	1986082518	Wayne
40.0	1.0	-2.88	-2.16	0.64	-0.80	1986082600	Wayne
41.0	1.0	-3.04	-2.24	0.64	-0.80	1986082606	Wayne
42.0	1.0	-3.08	-2.28	0.70	-1.00	1986082612	Wayne
43.0	1.0	-2.96	-2.36	0.70	-1.00	1986082618	Wayne
44.0	1.0	-2.80	-2.36	0.70	-1.00	1986082700	Wayne
45.0	1.0	-2.62	-2.36	0.70	-1.00	1986082706	Wayne
46.0	1.0	-2.46	-2.34	0.70	-1.00	1986082712	Wayne
47.0	1.0	-2.26	-2.26	0.70	-1.00	1986082718	Wayne
48.0	1.0	-2.00	-2.16	0.64	-0.80	1986082800	Wayne
49.0	1.0	-1.88	-2.02	0.64	-0.80	1986082806	Wayne
50.0	1.0	-1.82	-1.92	0.64	-0.80	1986082812	Wayne
51.0	1.0	-1.78	-1.88	0.64	-0.80	1986082818	Wayne
52.0	1.0	-1.74	-1.86	0.64	-0.80	1986082900	Wayne
53.0	1.0	-1.74	-1.86	0.60	-0.60	1986082906	Wayne
54.0	1.0	-1.72	-1.82	0.60	-0.60	1986082912	Wayne
55.0	1.0	-1.70	-1.78	0.60	-0.60	1986082918	Wayne
56.0	1.0	-1.66	-1.72	0.60	-0.60	1986083000	Wayne
57.0	1.0	-1.60	-1.64	0.50	-0.40	1986083006	Wayne
58.0	1.0	-1.52	-1.62	0.30	-0.40	1986083012	Wayne
59.0	1.0	-1.48	-1.60	0.10	-0.20	1986083018	Wayne
60.0	1.0	-1.42	-1.62	-0.10	0.00	1986083100	Wayne
61.0	1.0	-1.40	-1.64	0.00	0.00	1986083106	Wayne
62.0	1.0	-1.36	-1.70	0.10	0.00	1986083112	Wayne
63.0	1.0	-1.36	-1.70	0.20	-0.20	1986083118	Wayne
64.0	1.0	-1.40	-1.78	0.20	-0.20	1986090100	Wayne
65.0	1.0	-1.46	-1.86	0.20	-0.20	1986090106	Wayne
66.0	1.0	-1.54	-1.94	0.20	-0.20	1986090112	Wayne
67.0	1.0	-1.58	-2.00	0.20	-0.20	1986090118	Wayne
68.0	1.0	-1.62	-2.06	0.10	0.00	1986090200	Wayne
69.0	1.0	-1.66	-2.14	0.10	0.00	1986090206	Wayne
70.0	1.0	-1.72	-2.20	0.10	0.00	1986090212	Wayne
71.0	1.0	-1.86	-2.22	0.20	-0.20	1986090218	Wayne
72.0	1.0	-1.98	-2.24	0.24	-0.20	1986090300	Wayne
73.0	1.0	-2.14	-2.30	0.24	-0.20	1986090306	Wayne
74.0	1.0	-2.34	-2.34	0.24	-0.20	1986090312	Wayne
75.0	1.0	-2.50	-2.34	0.10	-0.20	1986090318	Wayne
76.0	1.0	-2.64	-2.26	-0.20	0.20	1986090400	Wayne
77.0	1.0	-2.94	-2.14	-0.10	0.00	1986090406	Wayne
78.0	1.0	-3.24	-2.10	-0.10	0.00	1986090412	Wayne
79.0	1.0	-3.48	-2.06	0.00	0.00	1986090418	Wayne
80.0	1.0	-3.74	-1.98	0.00	0.00	1986090500	Wayne
81.0	1.0	-4.04	-1.96	0.00	0.00	1986090506	Wayne
82.0	1.0	-4.34	-1.92	0.20	0.00	1986090512	Wayne
83.0	1.0	-4.60	-1.88	0.20	-0.20	1986090518	Wayne
84.0	1.0	-5.00	-1.94	0.70	-1.12	1986090600	Wayne
85.0	1.0	-5.32	-2.00	0.80	-1.12	1986090606	Wayne
86.0	1.0	-5.72	-2.06	0.80	-1.20	1986090612	Wayne
