0.0	1.0	5.00	-5.00	0.90	-1.24	1985101112	Dot
1.0	1.0	4.80	-4.80	0.88	-1.24	1985101118	Dot
2.0	1.0	4.50	-4.70	0.88	-1.12	1985101200	Dot
3.0	1.0	4.26	-4.56	0.84	-1.00	1985101206	Dot
4.0	1.0	4.10	-4.40	0.84	-1.00	1985101212	Dot
5.0	1.0	3.76	-4.12	0.84	-1.00	1985101218	Dot
6.0	1.0	3.70	-3.94	0.84	-1.00	1985101300	Dot
7.0	1.0	3.30	-3.80	0.80	-1.00	1985101306	Dot
8.0	1.0	2.92	-3.74	0.80	-1.00	1985101312	Dot
9.0	1.0	2.70	-3.72	0.70	-0.80	1985101318	Dot
10.0	1.0	2.46	-3.68	0.64	-0.80	1985101400	Dot
11.0	1.0	2.24	-3.64	0.50	-0.60	1985101406	Dot
12.0	1.0	2.04	-3.60	0.40	-0.60	1985101412	Dot
13.0	1.0	1.82	-3.50	0.36	-0.40	1985101418	Dot
14.0	1.0	1.58	-3.36	0.20	-0.20	1985101500	Dot
15.0	1.0	1.34	-3.34	-0.10	0.00	1985101506	Dot
16.0	1.0	1.16	-3.28	-0.60	0.40	1985101512	Dot
17.0	1.0	0.98	-3.26	-0.80	0.60	1985101518	Dot
18.0	1.0	0.76	-3.18	-1.20	0.80	1985101600	Dot
19.0	1.0	0.52	-3.12	-1.34	1.20	1985101606	Dot
20.0	1.0	0.26	-3.06	-1.26	1.20	1985101612	Dot
21.0	1.0	-0.02	-3.06	-1.26	1.20	1985101618	Dot
22.0	1.0	-0.28	-3.04	-1.20	1.20	1985101700	Dot
23.0	1.0	-0.52	-3.08	-1.10	1.20	1985101706	Dot
24.0	1.0	-0.74	-3.14	-1.04	1.00	1985101712	Dot
25.0	1.0	-0.94	-3.14	-1.00	0.80	1985101718	Dot
26.0	1.0	-1.14	-3.12	-0.90	0.80	1985101800	Dot
27.0	1.0	-1.34	-3.06	-0.70	0.60	1985101806	Dot
28.0	1.0	-1.54	-2.98	-0.60	0.40	1985101812	Dot
29.0	1.0	-1.84	-2.90	-0.40	0.00	1985101818	Dot
30.0	1.0	-2.16	-2.90	-0.10	0.00	1985101900	Dot
31.0	1.0	-2.28	-2.84	0.10	-0.20	1985101906	Dot
32.0	1.0	-2.46	-2.76	0.20	-0.20	1985101912	Dot
33.0	1.0	-2.70	-2.70	0.20	-0.20	1985101918	Dot
34.0	1.0	-2.88	-2.58	0.10	-0.20	1985102000	Dot
35.0	1.0	-3.14	-2.50	0.04	-0.20	1985102006	Dot
36.0	1.0	-3.44	-2.46	0.10	0.00	1985102012	Dot
37.0	1.0	-3.68	-2.40	0.10	0.00	1985102018	Dot
38.0	1.0	-4.08	-2.36	0.20	0.00	1985102100	Dot
39.0	1.0	-4.36	-2.32	0.20	-0.20	1985102106	Dot
40.0	1.0	-4.70	-2.30	0.50	-0.60	1985102112	Dot
41.0	1.0	-4.90	-2.24	0.70	-1.00	1985102118	Dot
42.0	1.0	-5.36	-2.20	0.80	-1.12	1985102200	Dot
